{
 "cells": [
  {
   "cell_type": "code",
   "execution_count": 1,
   "metadata": {},
   "outputs": [],
   "source": [
    "import pandas as pd\n",
    "import numpy as np"
   ]
  },
  {
   "cell_type": "code",
   "execution_count": 2,
   "metadata": {},
   "outputs": [],
   "source": [
    "data = pd.read_csv('KaggleV2-May-2016.csv')"
   ]
  },
  {
   "cell_type": "code",
   "execution_count": 3,
   "metadata": {},
   "outputs": [
    {
     "data": {
      "text/html": [
       "<div>\n",
       "<style scoped>\n",
       "    .dataframe tbody tr th:only-of-type {\n",
       "        vertical-align: middle;\n",
       "    }\n",
       "\n",
       "    .dataframe tbody tr th {\n",
       "        vertical-align: top;\n",
       "    }\n",
       "\n",
       "    .dataframe thead th {\n",
       "        text-align: right;\n",
       "    }\n",
       "</style>\n",
       "<table border=\"1\" class=\"dataframe\">\n",
       "  <thead>\n",
       "    <tr style=\"text-align: right;\">\n",
       "      <th></th>\n",
       "      <th>PatientId</th>\n",
       "      <th>AppointmentID</th>\n",
       "      <th>Gender</th>\n",
       "      <th>ScheduledDay</th>\n",
       "      <th>AppointmentDay</th>\n",
       "      <th>Age</th>\n",
       "      <th>Neighbourhood</th>\n",
       "      <th>Scholarship</th>\n",
       "      <th>Hipertension</th>\n",
       "      <th>Diabetes</th>\n",
       "      <th>Alcoholism</th>\n",
       "      <th>Handcap</th>\n",
       "      <th>SMS_received</th>\n",
       "      <th>No-show</th>\n",
       "    </tr>\n",
       "  </thead>\n",
       "  <tbody>\n",
       "    <tr>\n",
       "      <th>0</th>\n",
       "      <td>2.987250e+13</td>\n",
       "      <td>5642903</td>\n",
       "      <td>F</td>\n",
       "      <td>2016-04-29T18:38:08Z</td>\n",
       "      <td>2016-04-29T00:00:00Z</td>\n",
       "      <td>62</td>\n",
       "      <td>JARDIM DA PENHA</td>\n",
       "      <td>0</td>\n",
       "      <td>1</td>\n",
       "      <td>0</td>\n",
       "      <td>0</td>\n",
       "      <td>0</td>\n",
       "      <td>0</td>\n",
       "      <td>No</td>\n",
       "    </tr>\n",
       "    <tr>\n",
       "      <th>1</th>\n",
       "      <td>5.589978e+14</td>\n",
       "      <td>5642503</td>\n",
       "      <td>M</td>\n",
       "      <td>2016-04-29T16:08:27Z</td>\n",
       "      <td>2016-04-29T00:00:00Z</td>\n",
       "      <td>56</td>\n",
       "      <td>JARDIM DA PENHA</td>\n",
       "      <td>0</td>\n",
       "      <td>0</td>\n",
       "      <td>0</td>\n",
       "      <td>0</td>\n",
       "      <td>0</td>\n",
       "      <td>0</td>\n",
       "      <td>No</td>\n",
       "    </tr>\n",
       "    <tr>\n",
       "      <th>2</th>\n",
       "      <td>4.262962e+12</td>\n",
       "      <td>5642549</td>\n",
       "      <td>F</td>\n",
       "      <td>2016-04-29T16:19:04Z</td>\n",
       "      <td>2016-04-29T00:00:00Z</td>\n",
       "      <td>62</td>\n",
       "      <td>MATA DA PRAIA</td>\n",
       "      <td>0</td>\n",
       "      <td>0</td>\n",
       "      <td>0</td>\n",
       "      <td>0</td>\n",
       "      <td>0</td>\n",
       "      <td>0</td>\n",
       "      <td>No</td>\n",
       "    </tr>\n",
       "    <tr>\n",
       "      <th>3</th>\n",
       "      <td>8.679512e+11</td>\n",
       "      <td>5642828</td>\n",
       "      <td>F</td>\n",
       "      <td>2016-04-29T17:29:31Z</td>\n",
       "      <td>2016-04-29T00:00:00Z</td>\n",
       "      <td>8</td>\n",
       "      <td>PONTAL DE CAMBURI</td>\n",
       "      <td>0</td>\n",
       "      <td>0</td>\n",
       "      <td>0</td>\n",
       "      <td>0</td>\n",
       "      <td>0</td>\n",
       "      <td>0</td>\n",
       "      <td>No</td>\n",
       "    </tr>\n",
       "    <tr>\n",
       "      <th>4</th>\n",
       "      <td>8.841186e+12</td>\n",
       "      <td>5642494</td>\n",
       "      <td>F</td>\n",
       "      <td>2016-04-29T16:07:23Z</td>\n",
       "      <td>2016-04-29T00:00:00Z</td>\n",
       "      <td>56</td>\n",
       "      <td>JARDIM DA PENHA</td>\n",
       "      <td>0</td>\n",
       "      <td>1</td>\n",
       "      <td>1</td>\n",
       "      <td>0</td>\n",
       "      <td>0</td>\n",
       "      <td>0</td>\n",
       "      <td>No</td>\n",
       "    </tr>\n",
       "  </tbody>\n",
       "</table>\n",
       "</div>"
      ],
      "text/plain": [
       "      PatientId  AppointmentID Gender          ScheduledDay  \\\n",
       "0  2.987250e+13        5642903      F  2016-04-29T18:38:08Z   \n",
       "1  5.589978e+14        5642503      M  2016-04-29T16:08:27Z   \n",
       "2  4.262962e+12        5642549      F  2016-04-29T16:19:04Z   \n",
       "3  8.679512e+11        5642828      F  2016-04-29T17:29:31Z   \n",
       "4  8.841186e+12        5642494      F  2016-04-29T16:07:23Z   \n",
       "\n",
       "         AppointmentDay  Age      Neighbourhood  Scholarship  Hipertension  \\\n",
       "0  2016-04-29T00:00:00Z   62    JARDIM DA PENHA            0             1   \n",
       "1  2016-04-29T00:00:00Z   56    JARDIM DA PENHA            0             0   \n",
       "2  2016-04-29T00:00:00Z   62      MATA DA PRAIA            0             0   \n",
       "3  2016-04-29T00:00:00Z    8  PONTAL DE CAMBURI            0             0   \n",
       "4  2016-04-29T00:00:00Z   56    JARDIM DA PENHA            0             1   \n",
       "\n",
       "   Diabetes  Alcoholism  Handcap  SMS_received No-show  \n",
       "0         0           0        0             0      No  \n",
       "1         0           0        0             0      No  \n",
       "2         0           0        0             0      No  \n",
       "3         0           0        0             0      No  \n",
       "4         1           0        0             0      No  "
      ]
     },
     "execution_count": 3,
     "metadata": {},
     "output_type": "execute_result"
    }
   ],
   "source": [
    "data.head()"
   ]
  },
  {
   "cell_type": "code",
   "execution_count": 4,
   "metadata": {},
   "outputs": [
    {
     "data": {
      "text/html": [
       "<div>\n",
       "<style scoped>\n",
       "    .dataframe tbody tr th:only-of-type {\n",
       "        vertical-align: middle;\n",
       "    }\n",
       "\n",
       "    .dataframe tbody tr th {\n",
       "        vertical-align: top;\n",
       "    }\n",
       "\n",
       "    .dataframe thead th {\n",
       "        text-align: right;\n",
       "    }\n",
       "</style>\n",
       "<table border=\"1\" class=\"dataframe\">\n",
       "  <thead>\n",
       "    <tr style=\"text-align: right;\">\n",
       "      <th></th>\n",
       "      <th>PatientId</th>\n",
       "      <th>AppointmentID</th>\n",
       "      <th>Age</th>\n",
       "      <th>Scholarship</th>\n",
       "      <th>Hipertension</th>\n",
       "      <th>Diabetes</th>\n",
       "      <th>Alcoholism</th>\n",
       "      <th>Handcap</th>\n",
       "      <th>SMS_received</th>\n",
       "    </tr>\n",
       "  </thead>\n",
       "  <tbody>\n",
       "    <tr>\n",
       "      <th>PatientId</th>\n",
       "      <td>1.000000</td>\n",
       "      <td>0.004039</td>\n",
       "      <td>-0.004139</td>\n",
       "      <td>-0.002880</td>\n",
       "      <td>-0.006441</td>\n",
       "      <td>0.001605</td>\n",
       "      <td>0.011011</td>\n",
       "      <td>-0.007916</td>\n",
       "      <td>-0.009749</td>\n",
       "    </tr>\n",
       "    <tr>\n",
       "      <th>AppointmentID</th>\n",
       "      <td>0.004039</td>\n",
       "      <td>1.000000</td>\n",
       "      <td>-0.019126</td>\n",
       "      <td>0.022615</td>\n",
       "      <td>0.012752</td>\n",
       "      <td>0.022628</td>\n",
       "      <td>0.032944</td>\n",
       "      <td>0.014106</td>\n",
       "      <td>-0.256618</td>\n",
       "    </tr>\n",
       "    <tr>\n",
       "      <th>Age</th>\n",
       "      <td>-0.004139</td>\n",
       "      <td>-0.019126</td>\n",
       "      <td>1.000000</td>\n",
       "      <td>-0.092457</td>\n",
       "      <td>0.504586</td>\n",
       "      <td>0.292391</td>\n",
       "      <td>0.095811</td>\n",
       "      <td>0.078033</td>\n",
       "      <td>0.012643</td>\n",
       "    </tr>\n",
       "    <tr>\n",
       "      <th>Scholarship</th>\n",
       "      <td>-0.002880</td>\n",
       "      <td>0.022615</td>\n",
       "      <td>-0.092457</td>\n",
       "      <td>1.000000</td>\n",
       "      <td>-0.019729</td>\n",
       "      <td>-0.024894</td>\n",
       "      <td>0.035022</td>\n",
       "      <td>-0.008586</td>\n",
       "      <td>0.001194</td>\n",
       "    </tr>\n",
       "    <tr>\n",
       "      <th>Hipertension</th>\n",
       "      <td>-0.006441</td>\n",
       "      <td>0.012752</td>\n",
       "      <td>0.504586</td>\n",
       "      <td>-0.019729</td>\n",
       "      <td>1.000000</td>\n",
       "      <td>0.433086</td>\n",
       "      <td>0.087971</td>\n",
       "      <td>0.080083</td>\n",
       "      <td>-0.006267</td>\n",
       "    </tr>\n",
       "    <tr>\n",
       "      <th>Diabetes</th>\n",
       "      <td>0.001605</td>\n",
       "      <td>0.022628</td>\n",
       "      <td>0.292391</td>\n",
       "      <td>-0.024894</td>\n",
       "      <td>0.433086</td>\n",
       "      <td>1.000000</td>\n",
       "      <td>0.018474</td>\n",
       "      <td>0.057530</td>\n",
       "      <td>-0.014550</td>\n",
       "    </tr>\n",
       "    <tr>\n",
       "      <th>Alcoholism</th>\n",
       "      <td>0.011011</td>\n",
       "      <td>0.032944</td>\n",
       "      <td>0.095811</td>\n",
       "      <td>0.035022</td>\n",
       "      <td>0.087971</td>\n",
       "      <td>0.018474</td>\n",
       "      <td>1.000000</td>\n",
       "      <td>0.004648</td>\n",
       "      <td>-0.026147</td>\n",
       "    </tr>\n",
       "    <tr>\n",
       "      <th>Handcap</th>\n",
       "      <td>-0.007916</td>\n",
       "      <td>0.014106</td>\n",
       "      <td>0.078033</td>\n",
       "      <td>-0.008586</td>\n",
       "      <td>0.080083</td>\n",
       "      <td>0.057530</td>\n",
       "      <td>0.004648</td>\n",
       "      <td>1.000000</td>\n",
       "      <td>-0.024161</td>\n",
       "    </tr>\n",
       "    <tr>\n",
       "      <th>SMS_received</th>\n",
       "      <td>-0.009749</td>\n",
       "      <td>-0.256618</td>\n",
       "      <td>0.012643</td>\n",
       "      <td>0.001194</td>\n",
       "      <td>-0.006267</td>\n",
       "      <td>-0.014550</td>\n",
       "      <td>-0.026147</td>\n",
       "      <td>-0.024161</td>\n",
       "      <td>1.000000</td>\n",
       "    </tr>\n",
       "  </tbody>\n",
       "</table>\n",
       "</div>"
      ],
      "text/plain": [
       "               PatientId  AppointmentID       Age  Scholarship  Hipertension  \\\n",
       "PatientId       1.000000       0.004039 -0.004139    -0.002880     -0.006441   \n",
       "AppointmentID   0.004039       1.000000 -0.019126     0.022615      0.012752   \n",
       "Age            -0.004139      -0.019126  1.000000    -0.092457      0.504586   \n",
       "Scholarship    -0.002880       0.022615 -0.092457     1.000000     -0.019729   \n",
       "Hipertension   -0.006441       0.012752  0.504586    -0.019729      1.000000   \n",
       "Diabetes        0.001605       0.022628  0.292391    -0.024894      0.433086   \n",
       "Alcoholism      0.011011       0.032944  0.095811     0.035022      0.087971   \n",
       "Handcap        -0.007916       0.014106  0.078033    -0.008586      0.080083   \n",
       "SMS_received   -0.009749      -0.256618  0.012643     0.001194     -0.006267   \n",
       "\n",
       "               Diabetes  Alcoholism   Handcap  SMS_received  \n",
       "PatientId      0.001605    0.011011 -0.007916     -0.009749  \n",
       "AppointmentID  0.022628    0.032944  0.014106     -0.256618  \n",
       "Age            0.292391    0.095811  0.078033      0.012643  \n",
       "Scholarship   -0.024894    0.035022 -0.008586      0.001194  \n",
       "Hipertension   0.433086    0.087971  0.080083     -0.006267  \n",
       "Diabetes       1.000000    0.018474  0.057530     -0.014550  \n",
       "Alcoholism     0.018474    1.000000  0.004648     -0.026147  \n",
       "Handcap        0.057530    0.004648  1.000000     -0.024161  \n",
       "SMS_received  -0.014550   -0.026147 -0.024161      1.000000  "
      ]
     },
     "execution_count": 4,
     "metadata": {},
     "output_type": "execute_result"
    }
   ],
   "source": [
    "data.corr()"
   ]
  },
  {
   "cell_type": "code",
   "execution_count": 5,
   "metadata": {},
   "outputs": [],
   "source": [
    "mapping = {'No':0,'Yes':1}"
   ]
  },
  {
   "cell_type": "code",
   "execution_count": 6,
   "metadata": {},
   "outputs": [],
   "source": [
    "data['Labels'] = data['No-show'].map(mapping)"
   ]
  },
  {
   "cell_type": "code",
   "execution_count": 7,
   "metadata": {},
   "outputs": [
    {
     "data": {
      "text/html": [
       "<div>\n",
       "<style scoped>\n",
       "    .dataframe tbody tr th:only-of-type {\n",
       "        vertical-align: middle;\n",
       "    }\n",
       "\n",
       "    .dataframe tbody tr th {\n",
       "        vertical-align: top;\n",
       "    }\n",
       "\n",
       "    .dataframe thead th {\n",
       "        text-align: right;\n",
       "    }\n",
       "</style>\n",
       "<table border=\"1\" class=\"dataframe\">\n",
       "  <thead>\n",
       "    <tr style=\"text-align: right;\">\n",
       "      <th></th>\n",
       "      <th>PatientId</th>\n",
       "      <th>AppointmentID</th>\n",
       "      <th>Gender</th>\n",
       "      <th>ScheduledDay</th>\n",
       "      <th>AppointmentDay</th>\n",
       "      <th>Age</th>\n",
       "      <th>Neighbourhood</th>\n",
       "      <th>Scholarship</th>\n",
       "      <th>Hipertension</th>\n",
       "      <th>Diabetes</th>\n",
       "      <th>Alcoholism</th>\n",
       "      <th>Handcap</th>\n",
       "      <th>SMS_received</th>\n",
       "      <th>No-show</th>\n",
       "      <th>Labels</th>\n",
       "    </tr>\n",
       "  </thead>\n",
       "  <tbody>\n",
       "    <tr>\n",
       "      <th>0</th>\n",
       "      <td>2.987250e+13</td>\n",
       "      <td>5642903</td>\n",
       "      <td>F</td>\n",
       "      <td>2016-04-29T18:38:08Z</td>\n",
       "      <td>2016-04-29T00:00:00Z</td>\n",
       "      <td>62</td>\n",
       "      <td>JARDIM DA PENHA</td>\n",
       "      <td>0</td>\n",
       "      <td>1</td>\n",
       "      <td>0</td>\n",
       "      <td>0</td>\n",
       "      <td>0</td>\n",
       "      <td>0</td>\n",
       "      <td>No</td>\n",
       "      <td>0</td>\n",
       "    </tr>\n",
       "    <tr>\n",
       "      <th>1</th>\n",
       "      <td>5.589978e+14</td>\n",
       "      <td>5642503</td>\n",
       "      <td>M</td>\n",
       "      <td>2016-04-29T16:08:27Z</td>\n",
       "      <td>2016-04-29T00:00:00Z</td>\n",
       "      <td>56</td>\n",
       "      <td>JARDIM DA PENHA</td>\n",
       "      <td>0</td>\n",
       "      <td>0</td>\n",
       "      <td>0</td>\n",
       "      <td>0</td>\n",
       "      <td>0</td>\n",
       "      <td>0</td>\n",
       "      <td>No</td>\n",
       "      <td>0</td>\n",
       "    </tr>\n",
       "    <tr>\n",
       "      <th>2</th>\n",
       "      <td>4.262962e+12</td>\n",
       "      <td>5642549</td>\n",
       "      <td>F</td>\n",
       "      <td>2016-04-29T16:19:04Z</td>\n",
       "      <td>2016-04-29T00:00:00Z</td>\n",
       "      <td>62</td>\n",
       "      <td>MATA DA PRAIA</td>\n",
       "      <td>0</td>\n",
       "      <td>0</td>\n",
       "      <td>0</td>\n",
       "      <td>0</td>\n",
       "      <td>0</td>\n",
       "      <td>0</td>\n",
       "      <td>No</td>\n",
       "      <td>0</td>\n",
       "    </tr>\n",
       "    <tr>\n",
       "      <th>3</th>\n",
       "      <td>8.679512e+11</td>\n",
       "      <td>5642828</td>\n",
       "      <td>F</td>\n",
       "      <td>2016-04-29T17:29:31Z</td>\n",
       "      <td>2016-04-29T00:00:00Z</td>\n",
       "      <td>8</td>\n",
       "      <td>PONTAL DE CAMBURI</td>\n",
       "      <td>0</td>\n",
       "      <td>0</td>\n",
       "      <td>0</td>\n",
       "      <td>0</td>\n",
       "      <td>0</td>\n",
       "      <td>0</td>\n",
       "      <td>No</td>\n",
       "      <td>0</td>\n",
       "    </tr>\n",
       "    <tr>\n",
       "      <th>4</th>\n",
       "      <td>8.841186e+12</td>\n",
       "      <td>5642494</td>\n",
       "      <td>F</td>\n",
       "      <td>2016-04-29T16:07:23Z</td>\n",
       "      <td>2016-04-29T00:00:00Z</td>\n",
       "      <td>56</td>\n",
       "      <td>JARDIM DA PENHA</td>\n",
       "      <td>0</td>\n",
       "      <td>1</td>\n",
       "      <td>1</td>\n",
       "      <td>0</td>\n",
       "      <td>0</td>\n",
       "      <td>0</td>\n",
       "      <td>No</td>\n",
       "      <td>0</td>\n",
       "    </tr>\n",
       "  </tbody>\n",
       "</table>\n",
       "</div>"
      ],
      "text/plain": [
       "      PatientId  AppointmentID Gender          ScheduledDay  \\\n",
       "0  2.987250e+13        5642903      F  2016-04-29T18:38:08Z   \n",
       "1  5.589978e+14        5642503      M  2016-04-29T16:08:27Z   \n",
       "2  4.262962e+12        5642549      F  2016-04-29T16:19:04Z   \n",
       "3  8.679512e+11        5642828      F  2016-04-29T17:29:31Z   \n",
       "4  8.841186e+12        5642494      F  2016-04-29T16:07:23Z   \n",
       "\n",
       "         AppointmentDay  Age      Neighbourhood  Scholarship  Hipertension  \\\n",
       "0  2016-04-29T00:00:00Z   62    JARDIM DA PENHA            0             1   \n",
       "1  2016-04-29T00:00:00Z   56    JARDIM DA PENHA            0             0   \n",
       "2  2016-04-29T00:00:00Z   62      MATA DA PRAIA            0             0   \n",
       "3  2016-04-29T00:00:00Z    8  PONTAL DE CAMBURI            0             0   \n",
       "4  2016-04-29T00:00:00Z   56    JARDIM DA PENHA            0             1   \n",
       "\n",
       "   Diabetes  Alcoholism  Handcap  SMS_received No-show  Labels  \n",
       "0         0           0        0             0      No       0  \n",
       "1         0           0        0             0      No       0  \n",
       "2         0           0        0             0      No       0  \n",
       "3         0           0        0             0      No       0  \n",
       "4         1           0        0             0      No       0  "
      ]
     },
     "execution_count": 7,
     "metadata": {},
     "output_type": "execute_result"
    }
   ],
   "source": [
    "data.head()"
   ]
  },
  {
   "cell_type": "code",
   "execution_count": 8,
   "metadata": {},
   "outputs": [
    {
     "data": {
      "text/html": [
       "<div>\n",
       "<style scoped>\n",
       "    .dataframe tbody tr th:only-of-type {\n",
       "        vertical-align: middle;\n",
       "    }\n",
       "\n",
       "    .dataframe tbody tr th {\n",
       "        vertical-align: top;\n",
       "    }\n",
       "\n",
       "    .dataframe thead th {\n",
       "        text-align: right;\n",
       "    }\n",
       "</style>\n",
       "<table border=\"1\" class=\"dataframe\">\n",
       "  <thead>\n",
       "    <tr style=\"text-align: right;\">\n",
       "      <th></th>\n",
       "      <th>PatientId</th>\n",
       "      <th>AppointmentID</th>\n",
       "      <th>Age</th>\n",
       "      <th>Scholarship</th>\n",
       "      <th>Hipertension</th>\n",
       "      <th>Diabetes</th>\n",
       "      <th>Alcoholism</th>\n",
       "      <th>Handcap</th>\n",
       "      <th>SMS_received</th>\n",
       "      <th>Labels</th>\n",
       "    </tr>\n",
       "  </thead>\n",
       "  <tbody>\n",
       "    <tr>\n",
       "      <th>PatientId</th>\n",
       "      <td>1.000000</td>\n",
       "      <td>0.004039</td>\n",
       "      <td>-0.004139</td>\n",
       "      <td>-0.002880</td>\n",
       "      <td>-0.006441</td>\n",
       "      <td>0.001605</td>\n",
       "      <td>0.011011</td>\n",
       "      <td>-0.007916</td>\n",
       "      <td>-0.009749</td>\n",
       "      <td>-0.001461</td>\n",
       "    </tr>\n",
       "    <tr>\n",
       "      <th>AppointmentID</th>\n",
       "      <td>0.004039</td>\n",
       "      <td>1.000000</td>\n",
       "      <td>-0.019126</td>\n",
       "      <td>0.022615</td>\n",
       "      <td>0.012752</td>\n",
       "      <td>0.022628</td>\n",
       "      <td>0.032944</td>\n",
       "      <td>0.014106</td>\n",
       "      <td>-0.256618</td>\n",
       "      <td>-0.162602</td>\n",
       "    </tr>\n",
       "    <tr>\n",
       "      <th>Age</th>\n",
       "      <td>-0.004139</td>\n",
       "      <td>-0.019126</td>\n",
       "      <td>1.000000</td>\n",
       "      <td>-0.092457</td>\n",
       "      <td>0.504586</td>\n",
       "      <td>0.292391</td>\n",
       "      <td>0.095811</td>\n",
       "      <td>0.078033</td>\n",
       "      <td>0.012643</td>\n",
       "      <td>-0.060319</td>\n",
       "    </tr>\n",
       "    <tr>\n",
       "      <th>Scholarship</th>\n",
       "      <td>-0.002880</td>\n",
       "      <td>0.022615</td>\n",
       "      <td>-0.092457</td>\n",
       "      <td>1.000000</td>\n",
       "      <td>-0.019729</td>\n",
       "      <td>-0.024894</td>\n",
       "      <td>0.035022</td>\n",
       "      <td>-0.008586</td>\n",
       "      <td>0.001194</td>\n",
       "      <td>0.029135</td>\n",
       "    </tr>\n",
       "    <tr>\n",
       "      <th>Hipertension</th>\n",
       "      <td>-0.006441</td>\n",
       "      <td>0.012752</td>\n",
       "      <td>0.504586</td>\n",
       "      <td>-0.019729</td>\n",
       "      <td>1.000000</td>\n",
       "      <td>0.433086</td>\n",
       "      <td>0.087971</td>\n",
       "      <td>0.080083</td>\n",
       "      <td>-0.006267</td>\n",
       "      <td>-0.035701</td>\n",
       "    </tr>\n",
       "    <tr>\n",
       "      <th>Diabetes</th>\n",
       "      <td>0.001605</td>\n",
       "      <td>0.022628</td>\n",
       "      <td>0.292391</td>\n",
       "      <td>-0.024894</td>\n",
       "      <td>0.433086</td>\n",
       "      <td>1.000000</td>\n",
       "      <td>0.018474</td>\n",
       "      <td>0.057530</td>\n",
       "      <td>-0.014550</td>\n",
       "      <td>-0.015180</td>\n",
       "    </tr>\n",
       "    <tr>\n",
       "      <th>Alcoholism</th>\n",
       "      <td>0.011011</td>\n",
       "      <td>0.032944</td>\n",
       "      <td>0.095811</td>\n",
       "      <td>0.035022</td>\n",
       "      <td>0.087971</td>\n",
       "      <td>0.018474</td>\n",
       "      <td>1.000000</td>\n",
       "      <td>0.004648</td>\n",
       "      <td>-0.026147</td>\n",
       "      <td>-0.000196</td>\n",
       "    </tr>\n",
       "    <tr>\n",
       "      <th>Handcap</th>\n",
       "      <td>-0.007916</td>\n",
       "      <td>0.014106</td>\n",
       "      <td>0.078033</td>\n",
       "      <td>-0.008586</td>\n",
       "      <td>0.080083</td>\n",
       "      <td>0.057530</td>\n",
       "      <td>0.004648</td>\n",
       "      <td>1.000000</td>\n",
       "      <td>-0.024161</td>\n",
       "      <td>-0.006076</td>\n",
       "    </tr>\n",
       "    <tr>\n",
       "      <th>SMS_received</th>\n",
       "      <td>-0.009749</td>\n",
       "      <td>-0.256618</td>\n",
       "      <td>0.012643</td>\n",
       "      <td>0.001194</td>\n",
       "      <td>-0.006267</td>\n",
       "      <td>-0.014550</td>\n",
       "      <td>-0.026147</td>\n",
       "      <td>-0.024161</td>\n",
       "      <td>1.000000</td>\n",
       "      <td>0.126431</td>\n",
       "    </tr>\n",
       "    <tr>\n",
       "      <th>Labels</th>\n",
       "      <td>-0.001461</td>\n",
       "      <td>-0.162602</td>\n",
       "      <td>-0.060319</td>\n",
       "      <td>0.029135</td>\n",
       "      <td>-0.035701</td>\n",
       "      <td>-0.015180</td>\n",
       "      <td>-0.000196</td>\n",
       "      <td>-0.006076</td>\n",
       "      <td>0.126431</td>\n",
       "      <td>1.000000</td>\n",
       "    </tr>\n",
       "  </tbody>\n",
       "</table>\n",
       "</div>"
      ],
      "text/plain": [
       "               PatientId  AppointmentID       Age  Scholarship  Hipertension  \\\n",
       "PatientId       1.000000       0.004039 -0.004139    -0.002880     -0.006441   \n",
       "AppointmentID   0.004039       1.000000 -0.019126     0.022615      0.012752   \n",
       "Age            -0.004139      -0.019126  1.000000    -0.092457      0.504586   \n",
       "Scholarship    -0.002880       0.022615 -0.092457     1.000000     -0.019729   \n",
       "Hipertension   -0.006441       0.012752  0.504586    -0.019729      1.000000   \n",
       "Diabetes        0.001605       0.022628  0.292391    -0.024894      0.433086   \n",
       "Alcoholism      0.011011       0.032944  0.095811     0.035022      0.087971   \n",
       "Handcap        -0.007916       0.014106  0.078033    -0.008586      0.080083   \n",
       "SMS_received   -0.009749      -0.256618  0.012643     0.001194     -0.006267   \n",
       "Labels         -0.001461      -0.162602 -0.060319     0.029135     -0.035701   \n",
       "\n",
       "               Diabetes  Alcoholism   Handcap  SMS_received    Labels  \n",
       "PatientId      0.001605    0.011011 -0.007916     -0.009749 -0.001461  \n",
       "AppointmentID  0.022628    0.032944  0.014106     -0.256618 -0.162602  \n",
       "Age            0.292391    0.095811  0.078033      0.012643 -0.060319  \n",
       "Scholarship   -0.024894    0.035022 -0.008586      0.001194  0.029135  \n",
       "Hipertension   0.433086    0.087971  0.080083     -0.006267 -0.035701  \n",
       "Diabetes       1.000000    0.018474  0.057530     -0.014550 -0.015180  \n",
       "Alcoholism     0.018474    1.000000  0.004648     -0.026147 -0.000196  \n",
       "Handcap        0.057530    0.004648  1.000000     -0.024161 -0.006076  \n",
       "SMS_received  -0.014550   -0.026147 -0.024161      1.000000  0.126431  \n",
       "Labels        -0.015180   -0.000196 -0.006076      0.126431  1.000000  "
      ]
     },
     "execution_count": 8,
     "metadata": {},
     "output_type": "execute_result"
    }
   ],
   "source": [
    "data.corr()"
   ]
  },
  {
   "cell_type": "code",
   "execution_count": 26,
   "metadata": {},
   "outputs": [
    {
     "name": "stdout",
     "output_type": "stream",
     "text": [
      "<class 'pandas.core.frame.DataFrame'>\n",
      "RangeIndex: 110527 entries, 0 to 110526\n",
      "Data columns (total 19 columns):\n",
      "PatientId             110527 non-null float64\n",
      "AppointmentID         110527 non-null int64\n",
      "Gender                110527 non-null object\n",
      "ScheduledDay          110527 non-null object\n",
      "AppointmentDay        110527 non-null object\n",
      "Age                   110527 non-null int64\n",
      "Neighbourhood         110527 non-null object\n",
      "Scholarship           110527 non-null int64\n",
      "Hipertension          110527 non-null int64\n",
      "Diabetes              110527 non-null int64\n",
      "Alcoholism            110527 non-null int64\n",
      "Handcap               110527 non-null int64\n",
      "SMS_received          110527 non-null int64\n",
      "No-show               110527 non-null object\n",
      "Labels                110527 non-null int64\n",
      "ScheduledDayDT        110527 non-null datetime64[ns]\n",
      "AppointmentDayDT      110527 non-null datetime64[ns]\n",
      "time_between_appts    110527 non-null timedelta64[ns]\n",
      "days_between_appts    110527 non-null float64\n",
      "dtypes: datetime64[ns](2), float64(2), int64(9), object(5), timedelta64[ns](1)\n",
      "memory usage: 16.0+ MB\n"
     ]
    }
   ],
   "source": [
    "data.info()"
   ]
  },
  {
   "cell_type": "code",
   "execution_count": 28,
   "metadata": {},
   "outputs": [],
   "source": [
    "data['ScheduledDayDT'] = pd.to_datetime(data['ScheduledDay']).dt.date\n",
    "data['ScheduledDayDT'] = pd.to_datetime(data['ScheduledDayDT'])\n",
    "data['AppointmentDayDT'] = pd.to_datetime(data['AppointmentDay'])"
   ]
  },
  {
   "cell_type": "code",
   "execution_count": 38,
   "metadata": {},
   "outputs": [],
   "source": [
    "# \"days_between_appts\" feature - no. of days between scheduled date and appt date\n",
    "data['time_between_appts'] = data['AppointmentDayDT']-data['ScheduledDayDT']\n",
    "data['days_between_appts'] = data['time_between_appts']/np.timedelta64(1,'D')"
   ]
  },
  {
   "cell_type": "code",
   "execution_count": 33,
   "metadata": {},
   "outputs": [],
   "source": [
    "# feature - \"day_of_week\" - day of week \n",
    "data['day_of_appt'] = data['AppointmentDayDT'].dt.dayofweek\n",
    "data['day_of_scheduling'] = data['ScheduledDayDT'].dt.dayofweek"
   ]
  },
  {
   "cell_type": "code",
   "execution_count": 37,
   "metadata": {},
   "outputs": [
    {
     "data": {
      "text/plain": [
       "0    88208\n",
       "1    22319\n",
       "Name: Labels, dtype: int64"
      ]
     },
     "execution_count": 37,
     "metadata": {},
     "output_type": "execute_result"
    }
   ],
   "source": [
    "data['Labels'].value_counts()"
   ]
  },
  {
   "cell_type": "code",
   "execution_count": null,
   "metadata": {},
   "outputs": [],
   "source": [
    "#run OneHot on Hypertension, Diabetes, Alcoholism, Handicap, Gender, day_of_appt, day_of_scheduling\n",
    "#standard scaler on Age, days between apppts"
   ]
  },
  {
   "cell_type": "code",
   "execution_count": 39,
   "metadata": {},
   "outputs": [
    {
     "name": "stdout",
     "output_type": "stream",
     "text": [
      "<class 'pandas.core.frame.DataFrame'>\n",
      "RangeIndex: 110527 entries, 0 to 110526\n",
      "Data columns (total 22 columns):\n",
      "PatientId             110527 non-null float64\n",
      "AppointmentID         110527 non-null int64\n",
      "Gender                110527 non-null object\n",
      "ScheduledDay          110527 non-null object\n",
      "AppointmentDay        110527 non-null object\n",
      "Age                   110527 non-null int64\n",
      "Neighbourhood         110527 non-null object\n",
      "Scholarship           110527 non-null int64\n",
      "Hipertension          110527 non-null int64\n",
      "Diabetes              110527 non-null int64\n",
      "Alcoholism            110527 non-null int64\n",
      "Handcap               110527 non-null int64\n",
      "SMS_received          110527 non-null int64\n",
      "No-show               110527 non-null object\n",
      "Labels                110527 non-null int64\n",
      "ScheduledDayDT        110527 non-null datetime64[ns]\n",
      "AppointmentDayDT      110527 non-null datetime64[ns]\n",
      "time_between_appts    110527 non-null timedelta64[ns]\n",
      "days_between_appts    110527 non-null float64\n",
      "day_of_week           110527 non-null int64\n",
      "day_of_appt           110527 non-null int64\n",
      "day_of_scheduling     110527 non-null int64\n",
      "dtypes: datetime64[ns](2), float64(2), int64(12), object(5), timedelta64[ns](1)\n",
      "memory usage: 18.6+ MB\n"
     ]
    }
   ],
   "source": [
    "data.info()"
   ]
  },
  {
   "cell_type": "code",
   "execution_count": 44,
   "metadata": {},
   "outputs": [
    {
     "data": {
      "text/plain": [
       "62299"
      ]
     },
     "execution_count": 44,
     "metadata": {},
     "output_type": "execute_result"
    }
   ],
   "source": [
    "data['PatientId'].nunique()"
   ]
  },
  {
   "cell_type": "code",
   "execution_count": null,
   "metadata": {},
   "outputs": [],
   "source": []
  }
 ],
 "metadata": {
  "kernelspec": {
   "display_name": "Python 3",
   "language": "python",
   "name": "python3"
  },
  "language_info": {
   "codemirror_mode": {
    "name": "ipython",
    "version": 3
   },
   "file_extension": ".py",
   "mimetype": "text/x-python",
   "name": "python",
   "nbconvert_exporter": "python",
   "pygments_lexer": "ipython3",
   "version": "3.6.5"
  }
 },
 "nbformat": 4,
 "nbformat_minor": 2
}
